240 278
263 261
315 259
717 101
754 99
788 104
990 113
1014 109
1055 122
1109 125
1129 129
1152 134
1148 100
1136 89
1189 122
1218 128
1240 129
1258 129
1289 130
1309 132
1319 137
1335 124
1348 137
1374 148
1391 146
1404 151
1432 157
1457 166
1471 175
1506 194
1884 844
1791 839
1695 829
1636 840
1547 846
1465 855
1401 852
1396 847
1332 879
1646 1067
1066 966
909 853
548 936
483 933
279 1019
461 346
682 304
717 207
738 298
798 159
964 181
972 228
930 293
1110 195
1129 202
1217 527
1296 801
1415 312
1554 353
