136 292
521 105
546 98
577 90
608 86
645 91
745 96
796 60
845 75
876 85
958 109
1013 98
1033 109
1061 94
1046 113
1071 122
1100 123
1128 122
1142 132
1181 135
1162 124
1195 121
1231 122
1276 82
1289 98
1266 128
1283 138
1309 138
1320 113
1337 138
1354 114
1337 100
1383 118
1384 145
1407 148
1430 137
1417 158
1437 162
1457 173
1472 178
1505 176
1505 196
1560 223
1569 238
1590 251
1605 276
1625 282
1033 176
1122 197
1276 178
1278 237
1426 316
1521 317
502 304
540 283
645 191
718 161
799 160
955 161
874 313
104 937
755 937
943 865
1300 891
1343 888
1426 881
1568 863
1705 878
1720 841
