80 355
241 278
268 263
313 258
338 186
413 137
541 100
718 103
789 106
1061 123
1103 124
1130 125
1144 134
1176 121
1204 121
1228 121
1258 124
1269 156
1306 134
1324 132
1351 134
1377 143
1396 147
1413 155
1432 159
1452 164
1469 171
1508 197
1494 250
1716 317
1600 401
1853 834
1779 824
1693 830
1641 838
1536 834
1456 857
1419 870
1328 883
1307 829
1072 942
830 1009
592 926
565 898
498 908
425 370
543 279
895 226
952 166
1009 263
1005 345
982 415
662 512
736 566
1090 620
1340 555
1492 248
1602 399
753 103
