390 252
420 247
524 114
543 120
554 109
582 97
687 100
705 96
698 82
731 105
749 97
779 107
825 108
852 116
870 104
886 103
884 117
911 121
950 117
976 110
1002 141
1015 145
1026 138
1062 108
1094 107
1123 128
1283 168
1307 135
1337 131
1422 147
1442 159
1446 187
1907 847
1801 823
1693 837
1649 840
1540 836
1463 864
1411 873
1333 869
1310 900
1235 753
1191 841
1066 948
1032 911
916 980
382 1051
227 1060
578 181
595 227
648 141
670 153
710 176
738 156
933 167
1135 201
1259 276
1284 293
1403 233
1441 339
1197 310
