530 104
534 97
646 93
705 99
721 78
746 73
745 95
806 39
829 89
852 86
981 110
1035 112
1065 123
1105 121
1103 82
1126 85
1142 131
1157 117
1165 107
1182 134
1197 117
1229 126
1260 127
1279 81
1289 131
1311 133
1335 132
1359 133
1378 144
1405 145
1414 157
1436 160
1456 170
1471 175
1506 196
990 162
1340 278
1231 407
1248 519
1618 410
1169 751
771 937
936 878
1006 961
1281 876
1337 889
1418 882
1457 856
1552 842
1659 837
1705 827
1788 835
1876 837
91 942
882 440
892 311
866 286
682 290
535 421
686 601
413 367
