403 135
522 112
560 110
586 100
635 96
660 96
688 102
713 101
743 103
829 110
850 113
864 103
882 118
904 116
951 118
984 108
1019 112
951 158
1071 106
1096 104
1125 83
1117 122
1139 104
1157 106
1183 115
1195 118
1204 111
1226 114
1237 128
1327 127
1431 146
1449 158
1444 190
1887 811
1795 816
1723 818
1644 818
1538 829
1439 837
1409 871
1304 882
1212 860
1091 965
1029 1007
366 394
661 256
760 282
988 270
407 774
660 769
1114 778
1516 760
1396 513
1084 408
987 268
1148 327
1318 228
1551 396
930 1019
