479 98
499 103
528 106
536 96
571 80
587 89
605 70
624 77
616 89
655 76
675 86
681 72
696 103
717 64
724 50
733 107
789 101
957 108
987 110
1004 104
1040 115
1065 122
1097 123
1118 125
1119 81
1136 133
1162 122
1187 134
1213 123
1247 133
1277 82
1293 99
1271 131
1293 135
1314 136
1340 133
1340 113
1325 122
1360 131
1340 134
1406 109
1387 104
1384 141
1405 144
1409 158
1430 124
1436 161
1465 147
1455 170
1469 177
1509 161
1506 195
1570 232
1597 267
1638 297
1786 391
1607 410
1205 264
1156 320
1101 320
1340 352
1336 588
1508 794
1156 736
1123 726
1008 465
858 158
644 280
432 382
878 764
1868 819
1786 822
1715 829
1642 840
1600 868
1602 928
1459 846
1421 865
1338 893
1189 924
1229 953
1370 1014
1463 1024
773 914
166 931
104 889
