516 111
537 95
565 87
590 87
616 77
619 91
650 78
673 83
748 67
736 137
708 144
825 68
850 75
807 102
877 86
879 104
912 99
952 108
970 107
988 113
1043 99
1037 113
1064 123
1099 122
1118 123
1118 83
1127 90
1136 132
1165 117
1188 137
1210 118
1260 91
1308 87
1323 89
1287 134
1313 154
1358 133
1382 145
1401 143
1411 155
1437 162
1447 155
1460 171
1473 175
1500 198
1576 237
1592 264
1733 337
1778 342
1432 335
1376 713
1209 180
1268 186
996 163
1005 230
988 249
1073 285
1083 305
790 191
814 187
864 243
913 231
903 306
760 321
518 310
84 928
208 915
801 895
887 1025
1004 991
1184 933
1250 999
1481 1032
1383 1028
1334 875
1428 879
1468 848
1555 890
1614 881
1690 853
1803 826
