520 112
559 107
586 97
658 98
691 101
725 103
759 98
783 100
830 107
849 113
863 104
872 99
878 113
906 116
949 117
980 110
1066 106
1097 104
1119 82
1119 127
1163 91
1157 110
1181 113
1222 118
1242 130
1273 127
1315 125
1425 148
1450 160
1437 196
1606 247
1894 822
1814 833
1708 836
1675 853
1534 839
1447 849
1455 850
1410 900
1312 879
1215 868
1142 784
1096 972
991 936
934 1016
372 379
995 161
964 247
1109 303
1281 239
1389 213
1412 255
1324 333
1528 341
1463 378
1584 470
1438 511
1026 522
1140 780
