247 284
267 259
313 253
545 100
698 109
756 101
787 103
986 113
1005 112
1062 124
1104 120
1126 123
1141 132
1151 117
1178 111
1183 132
1203 157
1251 127
1282 129
1298 133
1325 136
1347 129
1370 141
1395 151
1411 156
1434 159
1451 165
1466 170
1480 175
1502 196
1664 318
1877 848
1798 826
1710 812
1662 830
1550 828
1472 853
1417 869
1333 885
1319 786
931 1034
848 1021
562 936
502 897
462 348
782 259
818 402
727 463
923 162
1178 189
1271 222
1345 298
1413 315
1432 356
1475 337
1571 403
1278 494
1317 785
