252 277
261 262
304 258
410 259
409 227
559 260
697 229
641 181
680 146
780 153
698 65
694 95
735 105
1007 107
989 163
974 180
1071 124
1051 124
1064 114
1115 116
1124 119
1154 158
1170 122
1190 106
1216 122
1235 128
1259 128
1310 136
1295 137
1317 126
1372 145
1397 149
1422 155
1458 166
987 161
975 180
1156 182
1198 173
1211 173
1234 186
1251 197
1258 221
1197 194
897 478
1892 859
1799 834
1695 849
1528 835
1457 861
1394 851
1331 875
1018 868
929 841
889 813
896 1034
293 941
380 883
439 846
546 842
1626 870
