402 254
475 107
523 116
558 110
589 98
638 98
677 103
716 101
736 108
772 105
823 109
851 112
876 105
892 103
884 117
880 88
910 115
906 161
958 112
988 111
1066 107
1095 105
1119 123
1157 108
1174 108
1200 108
1234 113
1267 124
1302 133
1333 130
1424 146
1444 160
1536 201
1811 829
1721 830
1643 840
1531 836
1461 868
1410 880
1338 872
1296 878
1207 867
1245 785
1087 987
1030 962
930 1009
327 1065
421 358
425 516
777 211
662 230
750 337
1008 197
1019 520
990 517
1264 523
1215 248
1539 385
1545 474
