521 108
536 100
574 64
577 90
604 82
613 87
674 75
756 106
804 107
851 103
883 106
911 101
960 115
982 109
972 104
1053 99
1046 117
1062 120
1093 93
1117 97
1132 94
1128 120
1148 105
1167 114
1175 125
1229 156
1259 153
1313 145
1341 126
1333 96
1338 111
1307 85
1369 134
1421 128
1399 140
1437 129
1427 154
1463 140
1451 149
1734 339
1778 344
1046 178
1154 181
1099 197
1076 209
1066 226
1131 214
1229 185
1285 179
1179 297
1212 300
1254 304
1215 323
1205 351
997 327
1005 383
1130 508
973 253
900 241
845 232
1759 783
1713 815
1635 802
1538 801
1463 770
1455 836
1401 848
1316 853
1509 1038
1374 978
1259 973
1178 938
1005 1002
883 1029
821 909
272 933
61 962
