248 279
264 265
304 261
401 265
409 227
700 130
730 106
763 101
1003 113
1044 121
1056 83
1063 116
1079 128
1112 115
1115 87
1133 81
1212 124
1233 124
1262 126
1290 130
1301 113
1295 107
1317 135
1325 124
1344 138
1366 141
1385 142
1402 150
1430 156
1454 165
1484 179
1501 195
1444 204
1598 219
1902 853
1694 837
1633 839
1531 831
1469 867
1402 875
1334 871
1019 904
895 845
909 1031
319 988
371 951
432 944
478 964
431 351
516 427
773 239
951 234
979 162
1113 167
1140 265
1207 297
1181 326
1262 226
1400 362
1504 404
1564 367
1426 763
1795 831
