153 281
539 101
545 91
575 88
604 81
651 86
709 99
745 94
779 46
837 95
901 93
984 121
1033 107
1066 120
1115 81
1133 91
1098 121
1122 124
1139 132
1158 121
1179 133
1196 121
1232 117
1259 121
1284 134
1309 135
1339 134
1360 133
1384 143
1406 147
1415 156
1439 160
1458 169
1472 176
1500 195
1562 221
1595 234
1715 329
1001 162
954 221
991 342
1024 370
1123 316
1122 207
1297 271
1613 408
938 775
1111 674
930 878
1296 867
1343 879
1420 868
1485 854
1570 846
1662 831
1755 789
1721 836
1894 836
68 948
446 350
595 438
