489 108
530 108
541 99
554 95
581 88
593 88
622 87
653 74
676 73
684 98
765 99
768 92
776 137
834 86
852 80
860 84
884 86
926 100
937 111
958 106
983 109
1010 148
1048 99
1043 114
1069 120
1070 94
1116 88
1131 84
1130 119
1144 117
1162 115
1168 127
1197 118
1203 105
1237 104
1261 113
1290 115
1279 130
1293 132
1318 122
1336 131
1354 136
1351 89
1381 108
1388 128
1439 142
1441 151
1455 156
1508 170
1593 242
1616 271
1737 338
1786 347
1909 480
1208 270
1256 303
999 174
929 161
970 228
69 913
151 908
190 957
388 930
811 916
877 1046
1013 1009
1176 934
1249 976
1362 968
1390 903
1468 885
1501 811
1688 863
1775 977
1700 1013
