418 259
425 249
524 118
558 110
589 100
638 99
679 102
705 83
712 102
736 109
769 113
826 110
852 114
862 104
883 115
907 119
879 159
950 114
978 113
999 127
1020 137
1033 143
1028 84
1069 105
1079 92
1095 104
1122 124
1127 77
1277 127
1303 134
1342 132
1422 149
1443 158
1438 191
1883 838
1803 826
1716 825
1666 825
1531 825
1450 852
1419 875
1334 870
1295 885
1278 800
1199 867
1092 987
1046 938
938 1012
386 1044
381 377
566 278
680 310
718 493
802 500
825 432
516 610
627 663
1217 534
1336 336
1549 405
1572 482
