391 249
374 285
350 283
311 291
318 333
273 311
290 380
277 396
231 399
220 467
178 503
48 506
136 543
104 572
59 603
21 543
23 670
31 700
18 773
54 852
89 821
238 823
180 936
341 841
418 825
473 822
550 845
609 817
630 824
1039 1005
1139 846
1261 854
1301 849
1297 955
1312 1057
1351 1003
1388 853
1451 867
1442 1046
1571 1015
1564 855
1642 855
1690 852
1740 853
1764 850
1743 969
1831 952
1079 620
1521 385
1589 387
1309 230
1045 216
989 152
974 326
1013 371
1088 337
959 109
1061 106
1122 115
1327 122
1378 138
1397 132
1477 158
1530 202
887 159
841 107
756 94
821 139
657 229
381 326
538 513
780 443
874 39
900 27
