893 26
912 39
778 106
819 106
837 105
533 167
960 108
460 113
434 123
386 157
380 249
371 281
350 286
304 293
322 299
270 309
254 336
290 382
271 397
247 395
205 455
205 468
193 500
104 461
49 499
104 565
67 579
48 605
27 668
11 704
86 826
95 844
158 850
252 819
346 839
405 839
413 943
619 1070
468 824
567 801
722 869
1064 1018
1124 871
1262 862
1294 842
1313 934
1334 972
1407 961
1414 848
1518 884
1560 1023
1678 993
1607 848
1660 847
1692 857
1678 813
1810 864
1841 898
1901 969
1063 102
1108 110
1327 121
1370 136
1395 108
1388 146
1473 155
1345 246
1511 407
1582 369
1021 220
991 156
931 156
958 320
1007 349
1048 343
855 448
736 443
727 231
386 326
