339 177
619 83
1121 120
1177 126
1193 129
1232 116
1258 121
1401 133
1432 139
1486 159
837 157
1201 266
1166 385
1615 414
1054 454
1073 773
655 320
686 393
575 624
450 403
390 400
271 548
190 597
1844 856
1765 824
1731 834
1685 816
1687 856
1612 837
1537 830
1491 824
1447 829
1401 842
1335 832
1297 852
1247 824
1215 844
1161 898
1082 909
988 883
959 872
958 1028
826 823
789 1046
742 815
698 816
638 824
576 834
543 830
518 806
446 841
388 834
322 824
270 835
184 858
152 847
102 812
49 817
799 1050
971 1032
