522 136
393 249
289 212
340 281
312 291
322 314
328 338
368 313
380 291
302 346
294 377
266 398
268 417
232 454
193 496
159 515
86 463
5 421
24 566
60 609
111 578
27 667
12 699
19 775
61 830
86 821
112 825
162 824
228 824
271 833
334 824
192 999
62 991
60 1040
400 822
444 958
459 818
551 813
588 812
558 887
588 918
590 1033
746 986
795 1025
852 968
854 803
898 816
940 843
1032 1013
1297 1047
1388 991
1305 879
1205 847
1423 865
1515 992
1592 1019
1480 846
1552 862
1656 854
1697 856
1738 853
1778 848
1805 826
1884 868
1625 708
1565 526
1612 472
1557 381
1364 414
1371 333
1421 264
1488 289
1213 241
1099 108
1057 106
1318 121
1376 136
1401 130
1477 159
962 113
910 154
918 328
717 95
827 110
846 108
790 331
672 356
381 367
