731 59
787 56
685 99
412 194
438 224
446 201
372 250
377 284
361 302
318 296
314 331
307 354
277 403
356 330
130 355
138 448
143 513
92 483
7 576
104 585
22 824
33 861
129 873
262 839
354 958
415 925
470 820
582 860
664 834
558 960
804 1019
941 841
995 856
1069 846
1129 867
1231 892
1250 974
1284 858
1364 835
1400 843
1488 846
1545 860
1520 1051
1474 1009
1638 848
1705 845
1803 856
1849 818
1879 844
1603 374
1242 295
1213 321
1159 243
1045 240
988 157
999 107
1058 102
1101 107
1121 82
1162 122
1195 129
1241 107
1304 104
1342 118
1385 136
1406 131
1476 156
889 249
943 328
723 436
669 404
659 262
