365 164
348 246
414 265
313 307
297 327
262 348
297 378
280 411
208 376
146 378
137 417
47 345
75 496
185 496
172 521
13 744
15 831
26 870
100 857
187 834
266 827
307 843
358 824
406 861
339 942
483 804
504 814
567 819
717 820
759 810
805 969
843 921
1176 849
1240 841
1294 857
1523 986
1583 1058
1722 838
1761 839
1772 809
1899 847
1902 943
1877 985
1260 755
1430 527
1498 423
1560 385
1481 365
1475 159
1460 143
1421 140
1398 132
1394 106
1371 136
1319 123
1280 114
1181 119
1072 187
1057 293
963 167
953 296
867 445
786 440
717 423
380 369
536 177
547 162
576 159
588 144
525 115
547 101
609 96
627 92
674 106
716 70
739 98
778 102
800 108
