551 94
527 108
527 139
532 167
778 122
797 105
822 109
393 147
324 226
372 252
346 265
339 287
371 288
353 305
313 330
264 304
266 356
315 360
295 375
289 396
244 395
221 433
238 414
53 473
25 352
124 569
61 590
159 525
186 501
24 668
23 699
15 768
33 883
125 805
186 832
114 872
238 839
351 836
396 935
470 825
502 839
604 829
683 820
724 870
1065 1022
1125 847
1274 966
1399 871
1413 859
1491 865
1377 1031
1439 1067
1556 1019
1617 849
1739 860
1792 858
1857 870
1622 751
1545 694
1581 417
1534 364
1316 443
1312 327
1264 306
1261 245
1305 202
1368 203
1374 132
1395 128
1395 104
1476 158
1543 199
1105 107
1062 104
1011 158
967 237
903 505
824 112
798 107
780 123
395 321
