453 133
351 171
331 202
266 227
397 271
314 306
294 333
269 353
106 324
64 336
154 387
161 440
108 437
186 497
154 527
113 568
51 513
40 803
94 827
169 855
353 833
411 825
374 935
570 825
618 821
716 814
759 821
848 876
798 952
1042 1019
1231 832
1231 895
1299 875
1342 1031
1444 912
1553 1034
1593 1064
1632 859
1666 850
1703 830
1762 843
1898 935
1889 986
1592 401
1667 286
1623 266
1472 160
1396 134
1371 134
1314 123
1281 119
1178 121
1135 118
1031 121
998 111
994 159
970 285
898 500
824 107
797 106
778 104
788 458
620 646
688 768
530 475
545 368
698 78
624 101
549 99
526 107
546 164
537 179
560 156
585 157
