323 239
293 254
413 274
274 348
298 376
192 348
123 408
227 425
14 794
30 821
145 836
288 822
297 867
374 836
416 841
466 835
372 936
516 818
578 816
644 824
727 818
759 837
1019 971
1043 1025
1121 861
1292 866
1388 959
1469 839
1540 858
1607 830
1639 839
1743 837
1849 835
1623 1061
1559 1053
1413 1054
1558 383
1477 161
1441 148
1419 139
1392 132
1373 138
1316 126
1273 72
1276 118
1176 122
1136 116
1025 227
1005 242
874 273
855 336
850 163
671 265
677 388
603 399
585 233
438 330
500 416
530 133
530 169
560 149
575 120
590 146
544 108
569 72
589 83
646 104
722 96
751 124
778 102
793 108
823 111
