77 590
61 503
56 472
181 502
141 513
213 458
224 425
202 343
286 375
406 232
411 206
367 160
444 192
478 181
482 119
524 109
545 96
588 98
612 90
639 84
650 72
807 92
952 113
941 216
835 226
819 197
790 187
775 205
757 218
794 222
1008 156
1023 87
1114 118
1137 95
1119 66
1179 124
1201 131
1234 116
1259 148
1289 292
1245 330
1284 398
1309 374
1343 343
1328 316
1844 854
1747 827
1738 858
1645 873
1570 888
1855 1028
1462 850
1402 848
1337 847
1301 864
1258 849
1212 854
1151 877
1087 909
997 844
964 861
878 832
955 1039
845 794
764 1050
750 854
698 850
639 848
581 842
548 825
490 841
441 849
326 863
258 848
170 841
146 916
34 825
24 874
