489 137
493 184
480 203
470 211
374 247
238 371
199 367
130 470
73 497
35 867
197 861
292 821
318 835
378 837
359 972
486 831
592 827
656 817
717 820
742 816
1214 848
1272 841
1320 857
1365 849
1410 858
1281 950
1377 985
1340 1035
1582 866
1602 846
1627 813
1833 810
1885 847
1812 840
1628 632
1591 471
1534 365
1430 345
1425 288
1343 208
1152 316
1067 225
1054 183
1480 160
1474 146
1444 140
1419 140
1393 133
1370 139
1351 110
1343 95
1326 108
1331 134
1310 117
1303 107
1298 97
1280 82
1182 123
1153 119
1134 118
1124 74
1087 84
1097 98
1056 82
1071 93
1025 134
976 104
951 156
920 88
868 73
871 117
839 96
821 69
785 85
793 104
766 149
747 89
762 89
740 107
738 146
726 71
702 67
697 132
671 107
645 85
635 140
615 146
590 83
587 100
565 107
591 142
578 152
559 157
544 162
529 166
675 297
400 305
