26 664
53 619
82 586
74 489
107 559
162 512
116 347
225 411
228 396
218 458
249 446
274 403
296 383
412 235
424 207
447 188
474 178
522 107
550 98
595 92
617 90
642 86
813 85
864 85
845 131
971 115
926 159
886 251
852 311
823 465
794 551
580 337
378 374
1115 118
1131 89
1113 84
1180 125
1198 130
1232 119
1259 122
1338 322
1292 436
1619 411
1324 747
1150 769
1264 750
1845 849
1806 866
1767 850
1729 851
1652 819
1603 835
1850 1034
1535 826
1500 837
1441 813
1405 840
1305 863
1276 862
1214 849
1165 894
1088 898
978 881
916 830
877 826
837 807
940 1016
741 1041
758 832
701 834
643 800
552 808
506 819
458 812
345 864
317 854
255 852
186 846
161 906
124 821
36 829
60 847
