61 618
119 549
182 493
101 499
12 493
168 411
200 462
200 375
236 431
281 400
311 386
93 317
272 302
396 249
404 235
417 211
436 194
555 105
580 99
602 92
632 90
647 89
679 80
711 95
794 37
809 40
826 82
864 88
1001 156
983 283
782 246
854 443
1097 119
1127 73
1178 132
1201 131
1262 130
1182 242
1329 214
1377 203
1387 256
1302 266
1505 312
1543 345
1231 445
1461 701
1875 853
1783 857
1678 852
1571 846
1509 862
1458 844
1416 854
1370 849
1343 846
1293 853
1225 830
1523 1060
956 860
956 1049
871 831
833 832
770 1061
751 852
711 825
653 817
593 851
568 897
549 828
461 860
432 834
351 847
312 815
244 821
176 855
155 911
121 988
126 854
82 864
43 831
15 740
35 666
24 644
