67 609
104 582
160 513
184 495
56 442
12 482
13 362
223 371
220 470
285 390
267 433
403 235
417 214
445 192
589 104
608 91
624 91
635 69
658 88
687 94
693 63
712 97
827 85
857 88
990 158
1007 108
993 331
815 494
658 296
376 368
861 660
1114 115
1170 128
1199 127
1261 120
1362 334
1398 329
1470 442
1617 416
1277 506
1877 628
1901 678
1410 773
1858 837
1824 842
1695 842
1732 835
1624 837
1559 838
1503 842
1473 852
1440 841
1407 839
1283 868
1227 833
1176 833
1098 857
1009 874
966 834
903 813
865 803
950 1034
823 857
749 878
762 1057
710 858
692 841
649 844
579 858
494 844
437 821
353 826
316 818
287 840
244 824
176 858
152 895
198 915
109 962
25 851
12 790
16 671
26 645
