447 202
441 226
445 247
423 254
419 194
344 212
371 262
375 289
338 284
361 309
304 294
330 309
325 333
376 327
298 345
267 379
275 407
241 423
222 436
212 450
203 462
44 411
87 430
99 482
148 509
175 489
190 514
49 411
81 430
99 482
103 583
75 606
21 673
33 691
19 789
80 794
112 802
126 830
129 860
217 851
260 836
348 815
367 831
26 1013
151 994
242 975
253 1067
350 1064
390 992
540 1067
642 837
689 834
772 842
811 848
856 826
904 847
783 1044
938 830
1006 933
1008 1002
1126 833
1214 833
1293 851
1419 868
1018 781
1550 897
1496 979
1540 994
1584 822
1646 852
1716 838
1740 855
1764 851
1815 864
1894 860
1864 996
1795 977
1116 636
1204 668
1521 689
1713 685
1772 595
1670 477
1595 416
1378 316
1248 281
1137 340
1022 200
1061 104
1111 109
1322 125
1380 134
1401 133
1479 160
930 318
855 111
827 112
708 94
377 332
