708 96
721 136
631 268
537 265
602 322
554 382
388 336
371 250
378 279
325 310
358 303
319 326
229 393
277 404
150 414
186 506
148 514
88 495
35 550
103 582
12 708
80 835
129 861
171 864
225 853
256 850
357 835
29 994
355 895
351 948
439 925
534 842
615 846
667 835
713 856
559 968
662 1071
789 1031
828 884
920 846
983 1033
999 921
1064 912
1151 851
1218 841
1247 939
1289 855
1352 854
1398 841
1521 1043
1494 855
1554 861
1710 858
1719 830
1848 828
1891 852
708 98
721 136
990 153
1010 147
1027 167
1048 187
1100 169
1115 183
1109 118
1093 104
1109 74
1136 80
1070 114
1050 107
1171 132
1182 97
1194 131
1178 187
1386 138
1411 134
1477 155
