71 609
87 570
185 498
84 460
59 503
98 408
129 335
245 452
260 423
268 385
273 357
272 300
310 264
406 234
419 207
360 165
442 189
579 103
604 91
628 91
640 74
653 86
824 85
853 84
896 86
995 113
988 91
971 172
388 385
1118 118
1170 130
1200 135
1244 123
980 486
1203 389
1400 304
1207 538
1226 699
1415 500
1577 409
1626 429
1659 449
1828 596
1855 675
1841 848
1732 886
1765 876
1673 844
1634 858
1555 833
1497 837
1460 836
1403 840
1335 845
1280 870
1223 834
1175 827
996 859
961 844
956 1036
917 845
874 833
834 802
773 1053
743 837
700 837
641 835
586 841
543 822
489 828
521 1068
326 973
353 873
339 813
210 817
119 910
94 960
115 883
24 700
24 668
19 645
