340 209
381 186
408 191
443 183
441 238
423 261
385 259
371 286
371 299
343 283
302 295
342 319
324 336
289 325
258 346
315 357
292 377
271 386
273 409
259 426
230 435
203 462
162 437
88 490
24 440
168 504
146 522
88 576
65 612
28 670
31 693
8 762
25 785
17 857
88 844
138 883
263 837
213 859
300 829
345 844
451 815
438 932
202 914
213 965
90 968
257 1069
357 1074
631 992
648 833
697 841
773 843
787 1046
862 818
903 841
947 843
969 933
1022 995
1040 921
1128 839
1206 807
1293 848
1418 850
1483 975
1530 998
1548 818
1581 822
1647 851
1664 812
1694 865
1743 844
1783 834
1852 848
1679 1044
322 553
299 469
432 357
497 349
542 300
724 264
715 360
673 470
830 381
908 487
1242 373
1579 375
1472 163
1400 132
1380 138
1326 125
1124 72
1057 106
852 111
830 108
694 102
706 158
