491 132
407 267
341 234
318 253
335 294
283 370
175 432
24 370
55 497
142 533
166 494
22 794
120 836
100 893
214 836
280 824
367 835
432 817
469 826
527 818
573 829
701 838
753 825
1013 1025
1078 942
1209 1004
1240 929
1260 854
1299 867
1416 859
1499 1010
1601 1068
1615 842
1723 858
1756 810
1812 833
1788 751
1873 578
1576 412
1528 380
1471 363
1322 459
1410 246
1237 290
1083 382
1478 147
1452 141
1421 135
1398 132
1373 136
1322 126
1287 117
1176 115
1134 115
1069 161
1076 384
826 106
793 106
769 106
723 115
726 67
702 75
648 108
617 149
594 152
571 162
544 163
551 100
574 118
583 119
715 380
372 340
