62 621
83 562
21 492
68 503
142 514
196 495
112 437
35 402
192 387
237 456
265 423
294 410
398 250
397 235
412 211
418 144
509 103
537 108
566 102
575 95
605 84
696 97
733 96
830 87
862 84
837 143
1002 155
933 174
912 216
892 309
723 215
519 293
796 667
1041 115
1098 123
1130 85
1175 129
1256 178
1274 175
1390 260
1491 319
1357 360
1283 392
1460 476
1880 856
1777 887
1731 857
1877 960
1653 857
1572 856
1511 857
1474 854
1399 843
1315 819
1291 848
1237 819
1164 831
1118 842
1501 1064
1032 842
959 853
910 823
878 829
831 825
766 1053
759 857
708 847
641 835
604 840
555 817
474 970
398 832
355 846
312 831
271 838
235 823
166 862
175 912
149 974
114 853
74 851
35 848
30 671
24 642
