106 582
130 555
185 494
110 492
92 429
30 349
230 447
226 420
226 368
292 405
277 303
400 253
406 236
423 214
446 194
580 105
609 95
626 90
649 87
663 104
688 80
712 97
823 82
856 85
867 159
1007 112
1013 382
975 544
840 657
849 706
704 634
728 391
485 391
381 392
427 695
1037 86
1057 98
1116 116
1111 89
1134 88
1172 134
1199 132
1262 129
1288 305
1371 641
1226 788
1596 390
1886 841
1745 849
1691 847
1715 845
1606 839
1535 836
1498 834
1463 860
1408 847
1525 1059
1326 842
1282 858
1226 849
1174 843
1114 858
1003 856
973 821
909 826
873 832
827 836
766 1050
745 868
700 845
661 827
565 901
582 833
543 812
508 811
449 821
403 824
310 868
244 832
193 875
158 856
30 845
21 675
