864 110
836 107
696 98
448 199
413 194
440 222
395 250
363 244
331 197
332 283
373 289
295 297
313 323
309 337
282 360
298 347
267 389
255 407
234 422
224 440
116 435
27 420
94 485
150 510
191 497
94 577
72 590
33 666
16 654
10 771
25 814
97 813
134 849
169 860
30 1026
261 871
262 832
323 848
259 899
352 1020
564 839
640 834
585 1053
690 831
738 836
805 838
855 824
895 809
936 833
894 902
772 1060
984 1010
1009 851
1061 839
1160 856
1213 835
1296 850
1322 1070
1453 985
1527 1028
1407 848
1539 859
1585 842
1661 857
1707 851
1755 858
1831 835
1891 854
391 320
694 99
690 238
605 435
695 490
923 321
949 247
835 107
867 112
986 159
1015 344
1047 491
1081 338
1085 230
1009 109
1061 102
1103 113
1330 122
1380 136
1400 130
1476 159
1403 316
1500 444
1598 344
