56 625
83 570
61 502
82 455
59 424
182 437
229 423
255 411
264 390
270 301
343 187
406 233
417 213
445 186
472 175
484 122
584 99
599 80
606 95
627 92
642 84
820 87
954 112
778 222
769 333
823 494
401 377
1120 70
1134 88
1114 114
1198 127
1222 132
1256 147
1317 102
1344 110
1368 114
1037 158
1052 236
1278 252
1276 290
1209 348
1345 231
1381 220
1458 289
1553 346
1845 858
1800 832
1682 855
1640 857
1876 1033
1538 824
1512 841
1441 836
1411 852
1323 828
1243 866
1190 823
1163 906
1095 915
998 873
963 839
922 835
878 820
840 806
952 1033
772 1049
732 848
629 836
592 832
546 825
479 846
443 848
385 840
319 848
278 845
199 824
173 876
131 847
106 890
42 823
33 755
32 699
