378 253
380 290
356 307
339 313
319 322
292 368
260 383
243 410
175 440
182 503
142 517
9 575
8 715
31 782
14 872
71 861
126 855
263 826
292 832
331 839
384 862
183 999
284 982
457 837
509 829
567 825
612 836
567 963
664 831
672 919
704 867
789 1027
831 817
873 852
915 838
978 857
1013 871
963 1036
1112 837
1155 857
1199 854
1226 861
1292 861
1356 839
1410 847
1437 1068
1478 1036
1519 1068
1502 847
1551 849
1641 854
1734 858
1787 857
1823 916
1809 883
1873 856
1899 1063
1368 759
1750 699
1591 460
1267 566
1192 545
1379 376
1407 355
1220 314
1350 260
1592 340
1474 158
1412 138
1388 138
1260 124
1196 131
1174 131
1119 84
1098 119
1014 107
979 173
858 86
819 87
642 316
907 549
379 366
