78 620
106 563
145 512
181 497
101 429
17 485
72 502
213 469
237 449
275 294
276 379
329 317
356 298
401 373
586 313
601 331
653 396
668 271
795 323
796 286
948 255
971 159
820 85
858 87
1098 117
1173 130
1201 135
1223 109
1243 122
1251 104
1244 213
1152 284
1437 356
1568 337
1601 209
1599 212
1341 618
1877 859
1754 864
1710 816
1685 847
1649 849
1603 946
1504 860
1523 1052
1383 1028
1400 836
1362 869
1292 858
1245 846
1153 848
1191 918
959 840
913 821
877 821
955 1036
837 828
779 1024
760 840
708 872
660 830
609 850
567 844
495 839
460 832
352 839
349 807
285 862
305 923
336 978
164 975
211 882
235 829
172 842
112 815
16 874
24 775
23 678
32 650
