445 240
422 258
337 211
380 291
347 281
313 297
324 335
365 314
304 353
288 374
272 397
254 420
207 423
222 443
204 461
103 447
41 455
177 494
95 488
148 519
89 571
65 614
24 670
31 686
7 723
11 763
61 824
101 832
126 859
158 875
212 849
265 831
209 928
108 936
74 974
217 1039
346 828
335 1057
450 1059
468 814
528 805
644 830
685 840
573 980
787 1037
852 922
860 805
901 824
932 859
975 859
1018 872
1019 1017
1123 884
1182 868
1292 859
1410 848
1359 965
1481 973
1546 852
1618 821
1661 813
1718 845
1661 1025
1621 1065
1799 875
1833 843
1866 902
1875 828
1354 644
1087 761
1356 361
1602 407
216 758
135 781
434 497
436 549
546 590
365 398
472 329
715 242
657 170
694 97
830 105
853 110
1059 100
1105 108
1323 123
1380 138
1401 130
1476 161
