478 204
470 214
405 157
336 235
388 277
412 264
438 243
306 313
307 387
198 366
74 347
134 477
84 498
30 875
246 899
283 830
288 865
366 841
428 843
337 984
483 831
540 817
602 812
625 834
695 848
728 904
1271 836
1245 875
1307 865
1279 946
1399 1000
1367 861
1413 866
1461 855
1492 860
1597 1047
1604 852
1634 824
1750 899
1720 846
1772 817
1810 821
1893 855
1417 385
1564 399
1214 307
1480 153
1447 140
1417 138
1397 129
1369 135
1350 128
1329 127
1313 119
1290 121
1309 95
1352 106
1179 126
1151 119
1116 121
1122 75
1078 83
1059 79
1068 100
1026 156
972 110
921 162
850 708
856 239
836 245
870 114
839 111
785 83
781 102
752 84
726 81
737 98
722 138
710 280
676 255
695 143
688 80
639 83
664 116
634 138
613 148
573 256
610 354
425 347
593 144
578 145
583 99
550 103
557 155
542 165
539 178
