450 125
433 123
449 162
432 169
479 205
495 184
416 160
399 159
436 242
426 253
204 290
146 427
121 470
74 506
400 303
522 262
572 331
558 694
666 259
692 326
784 333
975 158
938 258
962 292
1019 393
1108 348
1214 310
1586 401
1503 177
1480 163
1452 145
1424 143
1385 131
1366 135
1312 116
1303 116
1289 117
1284 90
1272 78
1205 122
1180 124
1148 118
1135 80
1115 83
1131 125
1106 126
1088 121
1077 118
1056 121
1040 100
1055 79
994 111
979 112
881 107
874 103
852 69
847 98
861 112
826 107
829 84
813 61
801 82
789 89
768 59
749 77
