68 617
95 585
159 516
178 504
82 425
12 479
25 368
10 408
217 440
234 419
215 367
297 405
296 372
276 301
406 235
414 211
438 197
553 102
578 101
608 91
629 90
649 88
673 81
711 95
826 86
859 88
972 177
1012 96
979 102
955 92
725 428
394 377
881 611
1054 99
1108 117
1175 126
1198 133
1247 121
1253 83
1327 101
1249 407
1231 525
1473 426
1535 368
1614 414
1662 737
1558 761
1416 765
1864 815
1809 857
1783 875
1710 833
1683 852
1638 851
1567 869
1509 839
1468 861
1409 853
1351 863
1289 860
1217 827
1167 817
1539 1063
1095 855
1021 852
996 822
921 858
875 833
831 826
950 1024
776 1047
749 865
692 845
648 826
588 907
584 848
557 808
484 829
456 833
401 825
345 830
324 820
292 818
180 893
121 963
177 854
32 832
28 731
14 767
21 648
