68 487
130 482
97 369
132 347
162 378
266 400
214 410
221 254
279 205
402 235
422 208
447 189
514 109
544 102
597 92
608 87
631 86
786 86
865 83
875 151
937 311
669 180
538 248
710 376
717 459
429 454
447 315
726 740
1124 113
1162 100
1176 125
1197 108
1200 128
1215 113
1239 128
1260 121
1341 108
1410 130
1137 210
1100 373
1585 353
1901 832
1844 854
1732 834
1696 821
1683 851
1615 831
1888 1052
1537 839
1499 837
1447 827
1403 847
1341 827
1298 846
1246 828
1223 857
1155 887
1081 909
996 870
954 825
876 823
819 831
958 1018
726 870
680 855
626 834
565 857
539 823
499 827
446 847
369 856
329 824
269 837
190 827
111 807
52 813
