438 145
402 151
419 258
370 248
321 254
304 252
318 288
292 295
303 346
242 396
213 436
119 352
27 354
46 478
27 507
129 556
143 540
82 586
16 700
27 679
12 798
28 862
93 825
119 846
117 898
167 849
258 824
352 831
405 835
406 923
495 821
578 796
614 809
699 819
785 868
658 1060
1066 1029
1134 854
1260 861
1312 856
1258 1010
1370 912
1387 864
1418 881
1492 875
1501 974
1461 1018
1577 1036
1622 851
1640 821
1691 823
1770 840
1835 853
1893 1003
1899 852
1580 422
1563 366
1449 337
1443 269
1390 244
1062 223
1010 161
1022 273
1016 303
1080 318
1543 196
1473 157
1395 130
1317 124
1282 78
1099 113
1063 105
1010 94
957 113
822 109
801 102
779 127
550 96
530 107
549 163
539 173
564 158
445 290
602 243
487 503
