57 612
110 579
156 516
196 496
64 442
17 479
186 391
243 451
265 390
299 374
275 301
243 241
399 232
419 213
369 161
442 191
588 102
607 89
630 90
648 85
686 97
710 98
740 89
827 84
840 65
860 89
912 91
966 90
1006 115
1016 92
982 156
757 279
907 391
839 607
1116 119
1171 131
1200 130
1253 126
1210 327
1438 332
1549 360
1544 390
1604 566
1897 636
1198 594
1080 795
1876 854
1837 849
1718 831
1686 847
1622 836
1555 856
1501 835
1468 838
1409 852
1332 850
1281 869
1172 831
1112 867
949 1030
1006 873
964 842
918 846
878 827
831 806
770 1045
649 807
583 850
530 830
506 805
446 836
331 974
512 1068
375 807
317 850
285 831
211 827
112 966
194 929
138 887
122 851
48 831
30 700
21 671
21 649
