72 610
55 502
99 410
160 329
247 450
257 423
261 401
275 375
278 302
310 264
396 251
415 234
418 210
370 161
445 193
449 168
586 98
590 79
604 93
628 91
637 83
823 86
851 87
967 152
981 90
926 202
942 222
855 305
949 428
387 368
1118 117
1122 170
1196 129
1216 129
1319 107
1123 168
1292 204
1356 222
1362 250
1474 312
1552 346
1501 412
1048 534
1840 863
1753 861
1690 848
1639 844
1541 829
1490 835
1458 856
1404 846
1338 861
1285 865
1190 918
1266 1047
1133 856
991 873
964 855
914 823
877 845
830 837
954 1030
765 1048
750 853
695 889
684 846
633 854
589 831
538 833
503 838
442 846
388 818
308 852
215 864
201 834
152 930
45 834
72 852
16 667
24 644
31 697
