59 619
90 586
151 511
172 490
25 478
119 375
105 341
216 458
226 439
256 420
271 396
283 371
324 368
300 198
401 258
411 234
421 211
448 197
433 147
467 137
476 186
522 107
551 96
602 94
619 88
639 91
652 72
807 85
868 87
970 113
777 163
696 375
556 252
545 369
450 414
387 394
692 508
681 636
407 612
235 552
1106 95
1131 98
1113 121
1175 129
1195 129
1231 118
1266 159
1189 286
1607 386
1898 984
1834 853
1766 837
1722 833
1688 840
1538 830
1496 831
1472 852
1405 841
1328 826
1303 858
1273 862
1214 861
1149 889
1088 903
955 831
917 823
873 820
838 804
950 1036
743 1046
766 835
702 844
633 841
582 840
550 821
494 833
450 841
371 841
309 837
266 842
171 894
26 877
23 825
41 656
22 706
23 756
