72 612
88 567
21 492
64 508
150 505
185 495
168 363
237 455
267 427
294 412
307 381
311 315
826 96
862 91
860 135
849 165
818 155
884 160
916 149
1012 156
1022 185
1038 145
1056 166
1066 190
1098 121
1164 106
1175 128
1206 135
1254 119
1290 290
1351 256
1375 269
1367 301
1882 855
1843 869
1725 848
1695 835
1666 820
1641 850
1577 870
1499 850
1467 848
1411 842
1543 1062
1442 1066
1326 829
1287 857
1200 818
1129 844
1116 891
966 847
957 1040
821 1026
910 819
872 829
837 833
763 846
706 856
655 821
611 840
555 811
511 821
455 832
430 960
340 833
303 824
245 830
189 873
171 957
169 856
131 860
10 880
31 673
