368 244
410 266
100 341
187 387
224 431
276 410
153 432
81 413
60 503
151 520
188 498
42 828
108 819
160 825
206 821
355 819
379 831
360 948
470 806
511 826
632 823
726 814
767 822
1044 1016
1252 832
1302 855
1611 1061
1659 949
1708 915
1658 863
1765 883
1821 859
1860 845
1903 945
1040 86
1134 114
1179 118
1272 74
1284 114
1326 121
1372 135
1396 131
1423 138
1451 145
1473 162
1523 198
1319 234
1249 289
1276 341
1426 295
1424 328
1426 362
1569 384
1434 469
1287 442
1094 509
957 165
875 23
816 112
796 111
777 103
741 100
724 80
697 106
642 110
614 112
581 119
557 97
537 99
518 108
547 162
536 173
578 159
597 157
796 335
714 393
387 311
