65 614
84 568
67 501
16 490
132 510
174 499
22 402
18 364
166 402
197 369
227 455
286 408
308 396
296 334
391 250
406 233
415 146
417 207
513 108
556 99
598 93
630 89
645 89
671 78
711 96
823 85
862 86
919 159
923 209
966 229
800 323
708 265
692 376
428 341
940 763
1096 117
1177 130
1205 128
1263 126
1040 231
1320 240
1346 293
1401 332
1550 345
1883 856
1779 883
1732 845
1699 834
1679 854
1638 862
1533 826
1499 856
1465 849
1358 999
1506 1061
1294 850
1247 856
1157 847
951 1031
967 856
909 841
872 837
830 834
764 1046
744 861
692 849
655 834
606 819
570 903
566 805
510 835
454 840
392 828
323 860
292 871
288 822
168 899
173 862
150 991
47 833
19 648
37 664
