404 159
472 210
429 250
326 181
406 267
348 276
257 249
246 269
242 322
297 388
318 364
124 307
123 474
75 494
46 889
134 853
208 826
278 820
301 859
371 837
376 907
452 803
497 804
518 825
706 866
754 845
1225 859
1233 842
1302 859
1366 859
1411 861
1242 938
1552 1062
1617 1039
1569 849
1601 840
1644 834
1734 849
1773 852
1820 846
1678 905
1700 959
1783 913
1896 603
1541 379
1476 350
1424 360
1198 496
1091 319
1156 269
1189 242
1317 239
1422 358
1484 345
1543 386
1030 152
1066 85
1116 74
1126 117
1151 121
1181 123
1269 91
1286 111
1298 117
1316 117
1332 129
1364 115
1371 134
1395 128
1417 137
1447 139
1466 146
972 104
944 185
800 486
867 113
837 112
818 84
788 74
773 91
762 97
746 68
719 97
735 139
720 146
685 144
671 147
650 101
634 142
614 154
596 147
585 98
562 93
552 80
556 158
539 163
531 169
512 121
