157 422
165 391
243 354
278 310
282 275
305 283
326 184
352 176
451 181
513 162
562 160
620 80
701 334
923 200
1002 163
1056 224
979 333
1007 356
1042 326
900 546
1116 118
1176 129
1196 132
1243 120
1347 203
1285 745
1403 131
1434 137
1457 154
1514 192
1827 868
1755 848
1732 863
1702 866
1638 847
1565 859
1499 834
1449 830
1400 842
1328 862
1291 866
1254 860
1202 850
1161 898
1080 915
1000 861
961 849
912 857
873 830
822 825
723 860
689 849
629 843
540 838
512 831
438 836
257 850
143 849
142 1035
946 1023
