356 165
409 268
329 249
314 310
292 336
268 350
278 382
199 339
185 325
189 295
158 310
108 310
35 378
130 466
183 500
107 479
148 526
59 473
54 518
97 570
89 586
32 701
34 810
51 849
75 866
163 856
263 829
312 829
347 841
407 836
504 820
397 913
605 835
797 807
1149 948
1310 869
1438 924
1361 1003
1302 1029
1564 1045
1613 854
1765 857
1843 864
1546 387
1173 350
1529 197
1471 159
1407 117
1392 141
1369 135
1316 122
1280 118
1139 120
1063 107
1031 120
992 110
916 133
824 115
800 106
777 101
555 99
530 104
532 172
546 163
559 154
589 150
617 146
607 193
568 261
440 342
636 258
673 250
799 216
880 156
850 258
721 378
645 682
