69 610
110 584
194 495
57 505
13 482
60 441
217 467
243 448
271 430
298 406
229 369
279 389
279 309
405 234
397 256
418 221
445 193
588 104
605 93
628 93
639 73
651 93
683 91
712 98
825 88
860 89
1006 109
1005 240
890 163
820 163
735 191
632 249
690 311
607 374
435 336
1052 720
1007 113
1117 120
1131 72
1174 127
1201 133
1248 122
1063 175
1124 211
1247 314
1399 374
1561 343
1816 837
1901 871
1727 839
1670 819
1637 860
1560 843
1459 846
1411 854
1329 838
1283 870
1329 1069
1228 837
1176 831
1115 866
996 845
982 817
904 848
864 846
825 853
972 1033
767 1047
740 849
694 839
644 840
594 841
543 835
496 830
435 842
358 966
376 819
324 822
274 855
236 831
174 857
199 924
106 966
114 852
36 838
21 702
26 674
33 647
