68 487
130 482
97 369
132 347
162 378
266 400
214 410
221 254
279 205
402 235
422 208
447 189
514 109
544 102
597 92
608 87
631 86
786 86
865 83
875 151
937 311
669 180
538 248
710 376
717 459
429 454
447 315
726 740
1124 113
1162 100
1176 125
1197 108
1200 128
1215 113
1239 128
1260 121
1341 108
1410 130
1137 210
1100 373
1585 353
1901 832
1844 854
1732 834
1696 821
1683 851
1615 831
1888 1052
1537 839
1499 837
1447 827
1403 847
1341 827
1298 846
1246 828
1223 857
1155 887
1081 909
996 870
954 825
876 823
819 831
958 1018
726 870
680 855
626 834
565 857
539 823
499 827
446 847
369 856
329 824
269 837
190 827
111 807
52 813
67 487
136 482
102 369
132 348
158 371
258 403
214 407
282 204
383 253
399 228
424 206
449 191
513 106
545 99
599 93
609 88
629 87
787 85
868 86
669 178
538 244
451 318
578 333
711 379
936 308
725 737
1124 112
1162 98
1174 130
1202 126
1197 111
1216 109
1240 129
1262 120
1344 106
1411 129
1437 141
1132 212
1100 374
1582 352
1842 849
1886 1051
1905 829
1773 830
1729 835
1693 820
1682 857
1610 828
1552 848
1453 828
1407 845
1343 838
1300 846
1251 840
1223 856
1150 895
1088 910
998 867
951 820
917 825
876 825
823 829
957 1025
773 1063
686 853
622 838
573 857
538 829
442 849
361 855
327 827
260 835
205 822
176 919
126 811
52 819
