495 145
465 149
401 154
377 244
415 274
339 297
319 307
282 367
288 394
258 406
238 367
160 370
218 426
57 344
133 450
164 506
109 567
101 583
40 512
61 473
36 701
15 769
19 795
97 826
300 838
348 837
380 904
518 809
1048 994
1130 896
1296 827
1290 993
1393 1013
1375 857
1414 866
1514 888
1552 1015
1598 864
1643 843
1683 812
1770 851
1807 845
1902 988
1594 705
1456 705
1078 355
1026 636
1438 445
1414 322
1592 420
1544 202
1393 134
1369 135
1318 121
1280 79
1105 110
1061 104
1005 107
1035 162
1079 357
834 354
875 611
728 250
775 104
797 105
823 114
381 377
497 477
590 148
548 161
537 179
667 127
549 103
533 112
