122 302
210 256
381 258
397 231
419 206
377 161
545 102
550 81
595 92
606 85
627 86
410 365
660 374
783 409
912 439
817 212
945 273
991 277
1043 164
1123 87
1123 114
1164 95
1175 128
1199 129
1207 114
1235 117
1261 123
1150 210
1162 289
1150 357
1403 130
1432 136
1598 376
1201 736
1878 1042
1840 843
1727 828
1718 847
1674 847
1606 841
1537 834
1496 838
1451 831
1403 845
1339 834
1257 835
1226 858
1151 898
1088 905
960 857
911 830
870 830
833 832
958 1023
771 1057
733 853
690 838
634 835
531 836
500 832
446 836
371 860
322 862
272 839
188 820
152 933
66 833
100 886
60 813
