483 132
479 188
482 218
400 158
436 256
413 273
348 278
278 238
262 260
287 329
318 361
299 378
125 473
77 497
207 799
186 848
256 835
312 841
387 912
448 808
494 813
541 809
607 807
718 865
756 823
1227 840
1264 839
1253 940
1292 1041
1377 867
1415 851
1450 837
1544 924
1590 1065
1615 1054
1675 947
1656 887
1692 859
1738 848
1774 852
1824 841
1871 843
1251 532
1227 450
1231 255
1356 261
1516 371
1580 404
1466 149
1452 139
1422 131
1399 133
1369 139
1329 122
1316 114
1291 115
1275 107
1218 109
1180 124
1149 122
1153 101
1126 124
1125 81
1030 149
972 105
862 206
942 295
571 649
357 347
510 114
529 167
540 161
541 131
570 149
588 143
614 143
635 136
651 98
669 137
684 130
708 69
723 72
747 72
765 91
809 107
827 107
848 94
