69 610
89 567
63 506
69 464
92 408
160 513
183 502
204 462
240 448
267 425
276 392
273 301
394 250
407 236
415 210
381 163
446 192
561 86
569 107
609 93
627 91
660 86
801 89
822 85
855 87
785 137
856 190
807 359
763 205
672 222
583 289
522 330
433 340
597 728
1121 74
1115 119
997 191
1021 292
1167 135
1202 132
1247 121
1365 403
1568 363
1626 278
1735 834
1678 853
1537 830
1490 836
1460 854
1417 857
1329 851
1281 873
1233 852
1193 850
1275 1047
1007 874
964 850
912 824
877 843
838 811
952 1037
766 1054
727 903
703 835
631 843
547 822
489 834
457 957
452 847
393 835
328 829
328 890
193 891
108 967
205 829
121 885
44 833
25 702
22 651
