71 499
145 515
102 429
179 482
253 404
307 320
315 359
339 339
353 318
352 299
383 272
409 361
132 325
754 294
847 339
985 270
1016 298
922 187
880 184
821 87
859 89
985 143
1097 119
1118 81
1128 83
1174 130
1201 135
1259 123
1133 171
1264 254
1286 270
1446 331
1548 354
1475 159
1425 135
1398 140
1514 750
1860 848
1756 813
1718 857
1684 846
1654 855
1552 895
1580 937
1393 833
1459 1026
1500 1058
1290 855
1224 838
1154 847
951 862
960 1037
909 821
831 827
777 1032
697 850
659 825
618 961
611 841
569 848
506 836
456 836
406 842
350 840
273 878
250 830
196 922
285 978
175 865
68 864
17 789
