17 475
55 505
88 563
75 608
153 508
193 493
98 412
162 379
125 331
244 458
268 428
267 388
274 303
303 268
316 253
358 164
402 234
417 211
445 191
503 82
547 95
587 103
609 92
630 92
654 90
729 92
786 82
798 72
826 85
854 86
440 325
486 267
574 222
594 218
617 181
668 178
694 356
753 301
798 251
836 179
896 152
1004 112
1118 120
1169 131
1202 134
1248 118
1246 272
1567 354
1088 713
1718 827
1746 862
1663 845
1610 833
1561 838
1512 839
1466 841
1414 854
1335 841
1280 870
1318 1056
1230 835
1173 843
989 857
962 837
915 830
873 829
828 837
953 1035
769 1049
736 863
691 844
631 837
586 840
547 827
492 829
441 846
340 980
377 821
310 847
261 856
210 833
180 884
103 974
128 891
31 860
126 858
21 699
25 673
24 649
22 800
