446 200
404 198
438 224
447 247
424 255
348 205
381 253
374 287
336 287
364 308
321 318
344 316
302 295
299 345
275 347
265 384
261 406
246 426
221 441
225 474
151 426
42 407
87 489
150 515
135 546
189 494
91 574
62 601
48 631
9 667
39 693
39 789
95 817
88 857
128 862
173 864
218 847
285 848
79 951
29 1016
430 859
378 990
245 1065
332 1061
525 888
525 978
569 1055
633 835
675 884
643 886
775 1035
825 809
859 832
892 820
936 822
1015 883
999 1019
1150 853
1211 846
1292 848
1415 866
1479 835
1541 853
1482 976
1545 1001
1603 860
1645 849
1699 855
1723 926
1783 977
1770 854
1800 830
1900 867
1731 681
1549 368
1416 377
1282 385
1178 347
1184 377
1106 284
1059 289
1367 293
1011 397
1014 167
1008 109
1060 103
1109 112
1319 121
1379 136
1401 134
1477 160
796 371
831 110
860 109
704 96
